5	0
12	0
14	2
18	2
22	2
27	2
32	2
36	2
41	4
46	4
51	4
57	4
60	5
66	5
70	5
77	5
82	5
85	5
89	5
94	5
102	5
109	5
113	6
119	6
122	7
126	7
131	7
137	7
141	7
146	7
151	7
154	7
160	7
167	7
173	7
176	7
180	7
186	7
190	7
195	7
201	8
204	8
207	8
213	8
220	8
228	8
232	8
236	8
240	8
246	8
250	8
256	8
260	8
267	8
272	8
278	8
281	8
286	8
292	8
297	8
300	8
307	8
312	8
317	8
322	8
327	8
333	8
340	9
344	9
350	9
355	9
363	9
367	9
373	9
380	9
385	9
391	10
397	11
402	11
407	11
413	11
417	11
423	11
429	11
434	11
440	11
445	11
451	11
460	11
465	11
469	11
472	11
476	12
481	12
486	12
489	12
496	12
501	12
506	12
511	12
516	12
521	12
524	12
530	12
533	12
537	12
540	12
546	12
552	12
555	13
560	14
565	14
568	14
577	14
580	14
584	14
589	14
594	15
599	15
605	15
612	15
616	15
621	15
624	15
629	15
633	15
634	16
638	16
640	16
643	16
645	16
649	16
653	16
655	16
659	16
662	16
664	16
667	16
669	16
672	16
679	16
682	16
685	17
691	18
694	18
697	18
699	18
701	18
704	18
708	19
713	19
715	19
718	19
720	19
724	19
728	20
731	20
736	20
739	20
742	20
744	20
747	20
751	20
753	20
756	20
760	20
764	20
766	20
769	20
771	20
774	20
778	20
782	20
786	20
788	20
792	20
798	20
802	20
805	20
810	20
814	20
818	20
821	20
823	20
826	20
828	20
830	20
833	20
836	20
839	20
842	20
846	20
850	20
853	20
857	20
860	20
864	20
868	20
871	20
875	20
878	20
882	20
885	20
889	20
894	20
896	20
900	20
904	20
908	20
912	20
915	20
919	20
922	20
926	20
930	20
933	20
936	20
938	20
941	20
945	20
949	20
953	20
958	20
963	20
966	20
971	20
976	20
980	20
985	20
991	20
994	20
999	20
1005	20
1010	20
1015	20
1020	20
1028	20
1033	20
1039	20
1045	20
1049	20
1055	20
1061	20
1067	20
1075	20
1080	20
1085	20
1092	20
1097	20
1101	20
1106	20
1113	20
1119	20
1124	20
1129	20
1135	20
1141	20
1144	20
1149	20
1154	20
1160	20
1165	20
1171	20
1179	20
1186	20
1191	20
1194	20
1199	20
1204	20
1210	20
1214	20
1223	20
1227	20
1231	20
1237	20
1241	20
1246	20
1251	20
1256	20
1261	20
1268	20
1274	20
1279	20
1283	20
1288	20
1293	20
1299	20
1307	20
1310	20
1318	20
1324	20
1330	20
1335	20
1342	20
1347	20
1352	20
1356	20
1360	20
1365	20
1369	20
1376	20
1381	20
1388	20
1392	20
1396	20
1399	20
1405	20
1410	20
1414	20
1420	20
1424	20
1429	20
1434	20
1439	20
1444	20
1448	20
1453	20
1457	20
1461	20
1464	20
1468	20
1473	20
1479	20
1486	20
1491	20
1498	20
1505	20
1510	20
1515	20
1521	20
1526	20
1533	20
1538	20
1544	20
1548	20
1553	20
1558	20
1563	20
1569	20
1572	20
1577	20
1583	20
1589	20
1594	20
1601	20
1606	20
1609	20
1613	20
1619	20
1623	20
1627	20
1629	20
1631	20
1635	20
1637	20
1641	20
1646	20
1649	20
1652	20
1657	20
1660	20
1662	20
1665	20
1667	20
1670	20
1673	20
1675	20
1677	20
1681	20
1684	20
1686	20
1690	20
1692	20
1696	20
1699	20
1703	20
1705	20
1710	20
1714	20
1717	20
1721	20
1725	20
1728	20
1733	20
1735	20
1738	20
1740	20
1743	20
1748	20
1751	20
1755	20
1759	20
1763	20
1766	20
1768	20
1770	20
1773	20
1778	20
1781	20
1785	20
1786	20
1789	20
1792	20
1795	20
1799	20
1801	20
1805	20
1808	20
1811	20
1814	20
1817	20
1820	20
1823	20
1828	20
1831	20
1837	20
1841	20
1845	20
1850	20
1857	20
1859	20
1864	20
1870	20
1873	20
1877	20
1885	20
1888	20
1895	20
1900	20
1906	20
1913	20
1916	20
1921	20
1926	20
1932	20
1935	20
1941	20
1946	20
1949	20
1953	20
1959	20
1965	20
1971	20
1975	20
1981	20
1985	20
1988	20
1992	20
1997	20
2002	20
2007	20
2011	20
2018	20
2024	20
2027	20
2034	20
2039	20
2042	20
2049	20
2054	20
2058	20
2065	20
2071	20
2079	20
2086	20
2094	20
2097	20
2103	20
2111	20
2115	20
2119	20
2126	20
2131	20
2136	20
2141	20
2145	20
2151	20
2156	20
2161	20
2166	20
2171	20
2176	20
2181	20
2187	20
2193	20
2196	20
2203	20
2210	20
2214	20
2218	20
2222	20
2227	20
2232	20
2239	20
2246	20
2252	20
2257	20
2264	20
2268	20
2272	20
2276	20
2281	20
2286	20
2291	20
2296	20
2302	20
2306	20
2311	20
2315	20
2320	20
2324	20
2333	20
2337	20
2345	20
2349	20
2354	20
2360	20
2365	20
2371	20
2374	20
2379	20
2383	20
2388	20
2392	20
2395	20
2400	20
2406	20
2409	20
2415	20
2418	20
2421	20
2425	20
2432	20
2437	20
2441	20
2446	20
2452	20
2457	20
2462	20
2464	20
2470	20
2476	20
2482	20
2486	20
2492	20
2495	20
2499	20
2503	20
2509	20
2513	20
2518	20
2523	20
2527	20
2532	20
2538	20
2544	20
2548	20
2553	20
2557	20
2561	20
2566	20
2571	20
2576	20
2580	20
2587	20
2594	20
2599	20
2603	20
2610	20
2614	20
2618	20
2623	20
2627	20
2633	20
2638	20
2642	20
2648	20
2652	20
2658	20
2663	20
2668	20
2672	20
2678	20
2683	20
2687	20
2690	20
2696	20
2702	20
2706	20
2711	20
2715	20
2720	20
2724	20
2734	20
2737	20
2742	20
2745	20
2752	20
2756	20
2763	20
2769	20
2772	20
2779	20
2785	20
2790	20
2796	20
2801	20
2805	20
2811	20
2816	20
2821	20
2824	20
2828	20
2833	20
2837	20
2842	20
2846	20
2853	20
2859	20
2865	20
2869	20
2874	20
2877	20
2881	20
2885	20
2889	20
2893	20
2899	20
2903	20
2907	20
2913	20
2918	20
2921	20
2924	20
2929	20
2934	20
2939	20
2946	20
2950	20
2958	20
2963	20
2967	20
2972	20
2978	20
2987	20
2992	20
3000	20
3005	20
3010	20
3016	20
3021	20
3028	20
3034	20
3040	20
3045	20
3051	20
3057	20
3060	20
3066	20
3072	20
3075	20
3079	20
3086	20
3090	20
3094	20
3098	20
3100	20
3102	20
3105	20
3109	20
3115	20
3117	20
3120	20
3123	20
3126	20
3130	20
3135	20
3138	20
3141	20
3144	20
3146	20
3148	20
3150	20
3154	20
3158	20
3163	20
3165	20
3168	20
3173	20
3177	20
3180	20
3182	20
3186	20
3187	20
3190	20
3192	20
3197	20
3199	20
3204	20
3206	20
3210	20
3213	20
3216	20
3219	20
3221	20
3224	20
3229	20
3231	20
3234	20
3237	20
3241	20
3246	20
3250	20
3253	20
3256	20
3259	20
3263	20
3265	20
3269	20
3272	20
3276	20
3280	20
3283	20
3285	20
3288	20
3291	20
3292	20
3296	20
3299	20
3303	20
3307	20
3311	20
3314	20
3318	20
3320	20
3322	20
3325	20
3329	20
3332	20
3334	20
3338	20
3340	20
3343	20
3345	20
3347	20
3352	20
3356	20
3360	20
3362	20
3366	20
3368	20
3373	20
3375	20
3377	20
3380	20
3384	20
3386	20
3390	20
3392	20
3396	20
3399	20
3401	20
3405	20
3407	20
3410	20
3413	20
3416	20
3418	20
3421	20
3424	20
3426	20
3429	20
3432	20
3434	20
3437	20
3440	20
3443	20
3445	20
3447	20
3449	20
3452	20
3455	20
3457	20
3459	20
3461	20
3466	20
3468	20
3471	20
3474	20
3477	20
3482	20
3485	20
3488	20
3494	20
3498	20
3500	20
3503	20
3504	20
3507	20
3508	20
3510	20
3513	20
3516	20
3520	20
3522	20
3525	20
3529	20
3531	20
3534	20
3537	20
3543	20
3546	20
3549	21
3551	21
3555	21
3558	21
3560	21
3563	21
3568	21
3570	21
3572	21
3575	21
3578	21
3582	21
3585	21
3588	21
3592	21
3594	21
3597	21
3600	22
3605	22
3608	22
3611	22
3614	22
3616	22
3620	22
3622	22
3625	22
3629	22
3635	22
3638	22
3642	22
3644	22
3647	22
3650	22
3655	22
3657	22
3660	22
3663	22
3665	22
3669	22
3672	22
3674	22
3678	22
3683	22
3687	22
3690	22
3692	22
3696	22
3700	22
3704	22
3706	22
3709	22
3712	22
3714	22
3716	22
3720	22
3723	22
3725	22
3728	22
3731	22
3734	22
3739	22
3742	22
3744	22
3748	22
3751	22
3755	22
3758	22
3761	22
3765	22
3766	22
3769	22
3774	22
3777	22
3781	22
3786	22
3791	22
3794	22
3801	22
3805	22
3809	22
3813	22
3817	22
3821	22
3825	22
3830	22
3833	22
3837	22
3838	22
3841	22
3844	22
3849	22
3851	22
3854	22
3856	22
3859	22
3861	22
3867	22
3871	22
3874	22
3880	22
3882	22
3885	22
3889	22
3892	22
3893	22
3897	22
3900	22
3903	22
3905	22
3909	22
3912	22
3915	22
3918	22
3924	22
3926	22
3929	22
3931	22
3935	22
3938	22
3940	22
3943	22
3945	22
3948	22
3952	22
3956	22
3959	22
3964	22
3966	22
3970	22
3973	22
3978	22
3981	22
3985	22
3987	22
3989	22
3992	22
3996	22
3999	22
4001	22
4003	22
4007	22
4012	22
4014	22
4016	22
4021	22
4023	22
4026	22
4029	22
4033	22
4035	22
4038	22
4044	22
4048	22
4050	22
4052	22
4055	22
4057	22
4057	22
4057	22
4057	22
4057	22
4057	22
4057	22
4057	22
4057	22
4057	22
4057	22
4057	22
4057	22
4057	22
4057	22
4057	22
4057	22
4057	22
4057	22
4057	22
4059	22
4063	22
4066	22
4070	22
4074	22
4078	22
4081	22
4084	22
4087	22
4091	22
4094	22
4097	22
4100	22
4105	22
4107	22
4111	22
4115	22
4117	22
4121	22
4125	22
4129	22
4132	22
4134	22
4137	22
4139	22
4144	22
4146	22
4151	22
4154	22
4157	22
4159	22
4162	22
4165	22
4169	22
4171	22
4174	22
4178	22
4184	22
4187	22
4189	22
4193	22
4199	22
4203	22
4206	22
4209	22
4212	22
4215	22
4218	22
4219	22
4224	22
4227	22
4229	22
4233	22
4237	22
4240	22
4243	22
4245	22
4250	22
4255	22
4259	22
4262	22
4267	22
4270	22
4274	22
4278	22
4280	22
4283	22
4287	22
4291	22
4293	22
4298	22
4300	22
4303	22
4306	22
4309	22
4313	22
4316	22
4320	22
4323	22
4326	22
4330	22
4333	22
4336	22
4339	22
4343	22
4346	22
4348	22
4350	22
4353	22
3	0
6	0
10	0
17	0
24	0
30	0
33	0
37	0
42	0
47	0
55	0
61	0
67	0
74	0
80	0
86	1
90	1
94	1
99	1
102	2
106	2
110	2
115	2
120	2
125	2
130	3
139	3
144	3
149	3
152	4
158	4
161	4
166	4
170	4
174	4
180	4
185	4
191	4
196	4
205	5
211	5
215	5
219	6
222	6
227	6
234	6
242	6
247	6
251	6
256	6
263	6
268	6
277	6
282	6
288	6
296	7
301	7
303	8
306	8
311	8
314	8
318	8
322	8
328	8
333	8
338	8
342	8
350	8
356	8
360	8
364	8
370	8
376	8
383	8
387	9
393	9
398	9
402	9
406	9
409	9
412	9
418	10
423	11
428	11
434	11
440	11
445	11
450	11
459	11
462	11
466	12
472	12
476	12
482	13
488	13
493	14
496	14
504	14
510	14
516	14
523	15
528	15
532	15
537	15
542	15
546	15
551	15
555	15
559	15
564	15
570	16
576	16
581	16
586	16
589	16
595	16
599	16
603	16
608	16
613	17
617	17
620	17
624	18
628	18
633	18
636	18
640	18
643	18
647	18
653	18
656	18
660	18
667	18
671	18
676	19
682	19
686	19
691	19
696	19
699	19
702	19
706	19
713	19
718	19
722	19
727	19
732	19
737	19
741	19
745	19
749	19
754	19
758	19
762	20
766	20
770	20
776	20
779	20
784	20
789	20
794	20
798	20
801	20
805	20
808	20
811	20
816	20
820	20
825	20
829	20
834	20
839	20
844	20
848	20
852	20
856	20
859	20
864	20
868	20
872	20
875	20
880	20
886	20
890	20
897	20
901	20
906	20
910	21
916	22
921	22
928	22
932	22
937	23
941	23
944	24
949	24
956	24
962	24
965	24
971	24
978	24
985	24
990	24
998	24
1004	24
1008	24
1013	25
1019	25
1024	25
1028	25
1032	25
1037	25
1041	25
1046	25
1048	25
1053	25
1058	25
1063	25
1070	25
1074	25
1077	25
1080	25
1084	25
1089	25
1092	25
1095	25
1100	25
1104	25
1107	25
1112	25
1117	25
1121	25
1125	25
1127	25
1133	25
1137	25
1143	25
1148	25
1152	25
1155	25
1159	25
1163	25
1166	25
1172	25
1177	25
1183	25
1187	25
1191	25
1194	25
1199	25
1201	25
1206	25
1213	25
1218	25
1222	26
1225	26
1230	26
1235	26
1241	26
1248	26
1253	26
1260	26
1264	26
1268	26
1275	26
1280	26
1285	26
1289	26
1296	27
1304	27
1306	27
1312	27
1318	27
1322	27
1328	27
1334	27
1338	27
1343	27
1348	27
1356	27
1360	27
1365	27
1369	27
1372	27
1378	27
1382	27
1386	27
1390	28
1395	28
1400	28
1404	28
1412	28
1416	28
1419	28
1423	28
1427	28
1432	28
1436	28
1441	28
1447	28
1450	28
1456	28
1456	28
1456	28
1456	28
1456	28
1456	28
1456	28
1456	28
1456	28
1456	28
1456	28
1456	28
1456	28
1456	28
1456	28
1456	28
1456	28
1456	28
1456	28
1456	28
1456	28
1456	28
1456	28
1456	28
1456	28
1456	28
1456	28
1456	28
1456	28
1459	28
1465	28
1469	28
1474	28
1479	28
1484	28
1488	28
1493	28
1497	28
1500	28
1506	28
1512	28
1518	28
1524	28
1528	28
1535	28
1535	28
1535	28
1535	28
1535	28
1535	28
1535	28
1535	28
1535	28
1535	28
1535	28
1535	28
1535	28
1535	28
1535	28
1535	28
1535	28
1535	28
1535	28
1535	28
1535	28
1535	28
1535	28
1535	28
1535	28
1535	28
1535	28
1535	28
1535	28
1535	28
1535	28
1535	28
1535	28
1535	28
1535	28
1535	28
1535	28
1535	28
1535	28
1535	28
1535	28
1535	28
1535	28
1535	28
1535	28
1535	28
1540	28
1545	28
1550	28
1557	28
1563	28
1568	28
1574	28
1577	28
1582	28
1589	28
1594	28
1597	28
1604	28
1609	28
1615	28
1619	28
1625	28
1629	28
1633	28
1640	28
1644	28
1649	28
1655	28
1661	28
1665	28
1667	28
1672	28
1677	28
1684	28
1688	28
1694	28
1700	28
1707	28
1712	28
1718	28
1723	28
1727	28
1732	28
1738	28
1744	28
1748	28
1752	28
1756	28
1761	28
1765	28
1770	28
1774	28
1779	28
1784	28
1788	28
1792	28
1796	28
1802	28
1807	28
1812	28
1820	28
1826	28
1830	29
1834	29
1840	29
1845	29
1850	29
1855	29
1860	29
1867	29
1871	29
1876	29
1882	29
1887	29
1891	29
1894	29
1898	29
1904	29
1909	29
1915	29
1920	29
1925	29
1929	29
1934	29
1939	29
1942	29
1947	29
1952	29
1957	29
1960	29
1965	29
1970	29
1977	29
1981	29
1985	29
1990	29
1998	29
2003	29
2008	29
2011	29
2015	29
2022	29
2028	29
2032	29
2039	29
2047	29
2052	29
2057	29
2063	29
2070	29
2074	29
2081	29
2084	29
2094	29
2100	29
2106	29
2110	29
2116	29
2120	29
2123	29
2127	29
2131	29
2135	29
2139	29
2143	29
2147	29
2151	29
2155	29
2159	29
2164	29
2168	29
2172	29
2177	29
2182	29
2187	29
2192	29
2196	29
2201	29
2206	29
2210	29
2214	29
2222	29
2226	29
2231	29
2236	29
2243	29
2244	29
2244	29
2244	29
2244	29
2244	29
2244	29
2244	29
2244	29
2244	29
2244	29
2244	29
2244	29
2244	29
2244	29
2244	29
2244	29
2244	29
2244	29
2244	29
2244	29
2244	29
2244	29
2247	29
2253	29
2257	29
2263	29
2267	29
2274	29
2279	29
2283	29
2287	29
2292	29
2297	29
2306	29
2309	29
2315	29
2318	30
2323	30
2327	30
2332	30
2336	30
2340	30
2346	30
2351	30
2355	30
2361	30
2366	30
2371	30
2375	30
2378	30
2381	30
2386	30
2391	30
2399	30
2402	30
2408	30
2415	30
2420	30
2425	30
2430	30
2434	30
2441	30
2445	30
2450	30
2455	30
2459	30
2461	30
2464	30
2470	30
2473	30
2479	30
2483	30
2488	30
2492	30
2496	30
2500	30
2505	30
2509	30
2514	30
2518	30
2523	30
2530	30
2536	30
2541	30
2546	30
2551	30
2555	30
2559	30
2565	30
2570	30
2575	30
2578	30
2584	30
2588	30
2593	30
2597	30
2600	30
2604	30
2606	30
2611	30
2616	30
2620	30
2626	30
2632	30
2638	30
2644	30
2648	30
2653	30
2658	30
2663	30
2670	30
2674	30
2678	30
2685	30
2689	30
2693	30
2697	30
2701	30
2708	30
2711	30
2715	30
2720	30
2722	30
2730	30
2734	30
2741	30
2746	30
2749	30
2754	30
2758	30
2762	30
2765	30
2770	30
2775	30
2779	30
2786	30
2790	30
2794	30
2800	30
2805	30
2809	30
2813	30
2816	30
2824	30
2829	30
2833	30
2843	30
2848	30
2853	30
2860	30
2865	30
2870	30
2875	30
2882	30
2892	30
2897	30
2901	30
2905	30
2910	30
2918	30
2923	30
2927	30
2932	30
2938	30
2943	30
2946	30
2951	30
2956	30
2961	30
2966	30
2973	30
2973	30
2973	30
2973	30
2973	30
2973	30
2973	30
2973	30
2973	30
2973	30
2973	30
2973	30
2973	30
2973	30
2973	30
2973	30
2973	30
2973	30
2973	30
2973	30
2973	30
2973	30
2973	30
2973	30
2973	30
2973	30
2973	30
2973	30
2973	30
2973	30
2973	30
2973	30
2973	30
2973	30
2973	30
2973	30
2973	30
2973	30
2973	30
2973	30
2973	30
2973	30
2973	30
2973	30
2973	30
2973	30
2973	30
2973	30
2973	30
2973	30
2973	30
2973	30
2973	30
2973	30
2973	30
2973	30
2973	30
2973	30
2973	30
2973	30
2973	30
2973	30
2973	30
2973	30
2973	30
2973	30
2973	30
2973	30
2973	30
2973	30
2973	30
2973	30
2973	30
2973	30
2973	30
2973	30
2973	30
2973	30
2973	30
2973	30
2973	30
2973	30
2973	30
2973	30
2973	30
2973	30
2973	30
2973	30
2973	30
2973	30
2973	30
2973	30
2973	30
2973	30
2973	30
2973	30
2973	30
2973	30
2973	30
2973	30
2973	30
2973	30
2973	30
2973	30
2973	30
2973	30
2973	30
2973	30
2973	30
2973	30
2973	30
2973	30
2973	30
2973	30
2973	30
2973	30
2973	30
2973	30
2973	30
2973	30
2973	30
2973	30
2973	30
2973	30
2973	30
2973	30
2973	30
2973	30
2973	30
2973	30
2973	30
2973	30
2973	30
2973	30
2973	30
2973	30
2973	30
2973	30
2973	30
2973	30
2973	30
2973	30
2973	30
2973	30
2973	30
2973	30
2973	30
2973	30
2973	30
2973	30
2973	30
2973	30
2973	30
2973	30
2973	30
2973	30
2973	30
2973	30
2973	30
2973	30
2973	30
2973	30
2973	30
2973	30
2973	30
2973	30
2973	30
2973	30
2973	30
2973	30
2973	30
2973	30
2973	30
2973	30
2973	30
2973	30
2973	30
2973	30
2973	30
2973	30
2973	30
2973	30
2973	30
2973	30
2973	30
2973	30
2973	30
2973	30
2973	30
2973	30
2973	30
2973	30
2973	30
2973	30
2973	30
2973	30
2973	30
2973	30
2973	30
2973	30
2973	30
2973	30
2973	30
2973	30
2973	30
2973	30
2973	30
2973	30
2973	30
2973	30
2973	30
2973	30
2973	30
2973	30
2973	30
2973	30
2973	30
2973	30
2973	30
2973	30
2973	30
2973	30
2973	30
2973	30
2973	30
2973	30
2973	30
2973	30
2973	30
2973	30
2973	30
2973	30
2973	30
2973	30
2973	30
2973	30
2973	30
2973	30
2973	30
2973	30
2973	30
2973	30
2973	30
2973	30
2973	30
2973	30
2973	30
2973	30
2973	30
2973	30
2973	30
2973	30
2973	30
2973	30
2973	30
2973	30
2973	30
2973	30
2973	30
2973	30
2973	30
2973	30
2973	30
2973	30
2973	30
2973	30
2973	30
2973	30
2973	30
2973	30
2973	30
2973	30
2973	30
2973	30
2973	30
2973	30
2973	30
2973	30
2973	30
2973	30
2973	30
2973	30
2973	30
2973	30
2973	30
2973	30
2973	30
2973	30
2973	30
2973	30
2973	30
2973	30
2973	30
2973	30
2973	30
2973	30
2973	30
2973	30
2973	30
2973	30
2973	30
2973	30
2973	30
2973	30
2973	30
2973	30
2973	30
2973	30
2973	30
2973	30
2973	30
2973	30
2973	30
2973	30
2973	30
2973	30
2973	30
2973	30
2973	30
2973	30
2973	30
2973	30
2973	30
2973	30
2973	30
2973	30
2973	30
2973	30
2973	30
2973	30
2973	30
2973	30
2973	30
2973	30
2973	30
2973	30
2973	30
2973	30
2973	30
2973	30
2973	30
2973	30
2973	30
2973	30
2973	30
2973	30
2973	30
2973	30
2973	30
2973	30
2973	30
2973	30
2973	30
2973	30
2973	30
2973	30
2973	30
2973	30
2973	30
2973	30
2973	30
2973	30
2973	30
2973	30
2973	30
2973	30
2973	30
2973	30
2973	30
2973	30
2973	30
2973	30
2973	30
2973	30
2973	30
2973	30
2973	30
2973	30
2973	30
2973	30
2973	30
2973	30
2973	30
2973	30
2973	30
2973	30
2973	30
2973	30
2973	30
2973	30
2973	30
2973	30
2973	30
2973	30
2973	30
2973	30
2973	30
2973	30
2973	30
2973	30
2973	30
2973	30
2973	30
2973	30
2973	30
2973	30
2973	30
2973	30
2973	30
2973	30
2973	30
2973	30
2973	30
2973	30
2973	30
2973	30
2973	30
2973	30
2973	30
2973	30
2973	30
2973	30
2973	30
2973	30
2973	30
2973	30
2973	30
2973	30
2973	30
2973	30
2973	30
2973	30
2973	30
2973	30
2973	30
2973	30
2973	30
2973	30
2973	30
2973	30
2973	30
2973	30
2973	30
2973	30
2973	30
2973	30
2973	30
2973	30
2973	30
2973	30
2973	30
2973	30
2973	30
2973	30
2973	30
2973	30
2973	30
2973	30
2973	30
2973	30
2973	30
2973	30
2973	30
2973	30
2973	30
2973	30
2973	30
2973	30
2973	30
2973	30
2973	30
2973	30
2973	30
2973	30
2973	30
2973	30
2973	30
2973	30
2973	30
2973	30
2973	30
2973	30
2973	30
2973	30
2973	30
2973	30
2973	30
2973	30
2973	30
2973	30
2973	30
2973	30
2973	30
2973	30
2973	30
2973	30
2973	30
2973	30
2973	30
2973	30
2973	30
2973	30
2973	30
2973	30
2973	30
2973	30
2973	30
2973	30
2973	30
2973	30
2973	30
2973	30
2973	30
2973	30
2973	30
2973	30
2973	30
2973	30
2973	30
2973	30
2973	30
2973	30
2973	30
2973	30
2973	30
2973	30
2973	30
2973	30
2973	30
2973	30
2973	30
2973	30
2973	30
2973	30
2973	30
2973	30
2973	30
2973	30
2973	30
2973	30
2973	30
2973	30
2973	30
2973	30
2973	30
2973	30
2973	30
2973	30
2973	30
2973	30
2973	30
2973	30
2973	30
2973	30
2973	30
2973	30
2973	30
2973	30
2973	30
2973	30
2973	30
2973	30
2973	30
2973	30
2973	30
2973	30
2973	30
2973	30
2973	30
2973	30
2973	30
2973	30
2973	30
2973	30
2973	30
2973	30
2973	30
2973	30
2973	30
2973	30
2973	30
2973	30
2973	30
2973	30
2973	30
2973	30
2973	30
2973	30
2973	30
2973	30
2973	30
2973	30
2973	30
2973	30
2973	30
2973	30
2973	30
2973	30
2973	30
2973	30
2973	30
2973	30
2973	30
2973	30
2973	30
2973	30
2973	30
2973	30
2973	30
2973	30
2973	30
2973	30
2973	30
2973	30
2973	30
2973	30
2973	30
2973	30
2973	30
2973	30
2973	30
2973	30
2973	30
2973	30
2973	30
2973	30
2973	30
2973	30
2973	30
2973	30
2973	30
2973	30
2973	30
2973	30
2973	30
2973	30
2973	30
2973	30
2973	30
2973	30
2973	30
2973	30
2973	30
2973	30
2973	30
2973	30
2973	30
2973	30
2973	30
2973	30
2973	30
2973	30
2973	30
2973	30
2973	30
2973	30
2973	30
2973	30
2973	30
2973	30
2973	30
2973	30
2973	30
2973	30
2973	30
2973	30
2973	30
2973	30
2973	30
2973	30
2973	30
2973	30
2973	30
2973	30
2973	30
2973	30
2973	30
2973	30
2973	30
2973	30
2973	30
2973	30
2973	30
2973	30
2973	30
2973	30
2973	30
2973	30
2973	30
2973	30
2973	30
2973	30
2973	30
2973	30
2973	30
2973	30
2973	30
2973	30
2973	30
2973	30
2973	30
2973	30
2973	30
2973	30
2973	30
2973	30
2973	30
2973	30
2973	30
2973	30
2973	30
2973	30
2973	30
2973	30
2973	30
2973	30
2973	30
2973	30
2973	30
2973	30
2973	30
2973	30
2973	30
2973	30
2973	30
2973	30
2973	30
2973	30
2973	30
2973	30
2973	30
2973	30
2973	30
2973	30
2973	30
2973	30
2973	30
2973	30
2973	30
2973	30
2973	30
2973	30
2973	30
2973	30
2973	30
2973	30
2973	30
2973	30
2973	30
2973	30
2973	30
2973	30
2973	30
2973	30
2973	30
2973	30
2973	30
2973	30
2973	30
2973	30
2973	30
2973	30
2973	30
2973	30
2973	30
2973	30
2973	30
2973	30
2973	30
2973	30
2973	30
2973	30
2973	30
2973	30
2973	30
2973	30
2973	30
2973	30
2973	30
2973	30
2973	30
2973	30
2973	30
2973	30
2973	30
2973	30
2973	30
2973	30
2973	30
2973	30
2973	30
2973	30
2973	30
2973	30
2973	30
2973	30
2973	30
2973	30
2973	30
2973	30
2973	30
2973	30
2973	30
2973	30
2973	30
2973	30
2973	30
2973	30
2973	30
2973	30
2973	30
2973	30
2973	30
2973	30
2973	30
2973	30
2973	30
2973	30
2973	30
2973	30
2973	30
2973	30
2973	30
2973	30
2973	30
2973	30
2973	30
2973	30
2973	30
2973	30
2973	30
2973	30
2973	30
2973	30
2973	30
2973	30
2973	30
2973	30
2973	30
2973	30
2973	30
2973	30
2973	30
2973	30
2973	30
2973	30
2973	30
2973	30
2973	30
2973	30
2973	30
2973	30
2973	30
2973	30
2973	30
2973	30
2973	30
2973	30
2973	30
2973	30
2973	30
2973	30
2973	30
2973	30
2973	30
2973	30
2973	30
2973	30
2973	30
2973	30
2973	30
2973	30
2973	30
2973	30
2973	30
2973	30
2973	30
2973	30
2973	30
2973	30
2973	30
2973	30
2973	30
2973	30
2973	30
2973	30
2973	30
2973	30
2973	30
2973	30
2973	30
2973	30
2973	30
2973	30
2973	30
2973	30
2973	30
2973	30
2973	30
2973	30
2973	30
2973	30
4	2
9	2
14	2
19	4
24	4
27	4
31	4
34	5
40	5
46	5
52	5
58	5
63	5
68	6
73	6
77	6
82	7
85	7
92	7
96	7
103	7
109	7
113	8
118	8
122	8
126	8
130	8
134	8
140	8
145	8
149	9
153	9
156	9
160	9
167	9
172	9
176	9
181	9
185	9
192	9
195	9
200	9
206	9
211	9
217	9
222	9
226	9
229	10
236	10
242	11
248	11
252	11
256	12
262	12
267	13
272	13
279	13
284	13
289	13
294	13
298	13
302	14
307	14
312	14
317	14
323	15
329	16
332	17
337	18
342	18
347	18
352	18
356	18
359	18
365	18
370	18
375	18
378	18
383	19
389	19
391	19
398	19
401	19
406	20
409	20
414	20
417	20
421	21
427	21
430	21
434	21
439	21
444	21
449	21
456	21
460	21
464	21
468	21
471	21
477	21
485	21
490	21
494	21
499	21
507	21
513	21
519	21
524	21
528	22
535	23
541	23
547	23
553	23
558	23
561	25
566	27
574	27
581	27
589	27
592	27
595	28
599	28
605	28
610	28
615	28
618	28
621	30
625	30
628	30
631	30
634	30
636	30
638	30
641	30
644	30
648	30
653	30
658	30
662	30
668	30
672	30
676	30
679	30
684	30
689	30
695	30
698	30
704	30
709	30
713	30
718	30
721	30
725	30
730	30
734	30
740	30
746	31
752	31
757	31
761	31
767	31
772	31
777	31
781	31
784	31
789	31
795	31
800	31
804	31
809	31
813	31
817	31
823	31
827	31
831	31
835	31
840	31
842	31
846	31
849	31
853	31
857	31
861	31
866	31
872	31
878	31
884	31
887	31
892	31
899	31
904	31
909	31
918	31
923	31
927	31
932	31
936	31
939	31
945	31
950	31
953	31
957	31
960	31
965	31
969	31
974	31
977	31
983	31
988	31
993	31
997	31
1002	31
1005	31
1009	31
1015	31
1019	31
1022	31
1026	31
1031	31
1037	31
1041	31
1047	31
1051	31
1056	31
1060	31
1064	31
1069	31
1075	31
1079	31
1083	31
1089	31
1093	31
1097	31
1101	31
1108	31
1112	31
1116	31
1121	31
1126	31
1132	31
1138	31
1144	31
1150	31
1154	31
1158	31
1163	31
1167	31
1169	31
1173	31
1180	31
1185	31
1191	31
1194	31
1200	31
1205	31
1211	31
1217	31
1222	31
1225	31
1231	31
1236	31
1241	31
1244	31
1247	31
1251	31
1255	31
1259	31
1263	31
1266	31
1270	31
1273	31
1279	31
1280	31
1280	31
1280	31
1280	31
1280	31
1280	31
1280	31
1280	31
1280	31
1280	31
1280	31
1280	31
1280	31
1280	31
1280	31
1280	31
1280	31
1280	31
1280	31
1280	31
1280	31
1280	31
1280	31
1280	31
1280	31
1280	31
1280	31
1280	31
1280	31
1280	31
1280	31
1280	31
1280	31
1280	31
1280	31
1280	31
1280	31
1280	31
1280	31
1280	31
1280	31
1280	31
1280	31
1280	31
1280	31
1280	31
1280	31
1280	31
1280	31
1280	31
1280	31
1280	31
1280	31
1280	31
1280	31
1280	31
1280	31
1280	31
1280	31
1280	31
1280	31
1280	31
1280	31
1280	31
1280	31
1280	31
1280	31
1280	31
1280	31
1280	31
1280	31
1280	31
1280	31
1280	31
1280	31
1280	31
1280	31
1280	31
1280	31
1280	31
1280	31
1280	31
1280	31
1280	31
1280	31
1280	31
1280	31
1280	31
1280	31
1280	31
1280	31
1280	31
1280	31
1280	31
1280	31
1281	31
1284	31
1287	31
1293	31
1297	31
1303	31
1308	31
1312	31
1316	31
1318	31
1318	31
1318	31
1318	31
1318	31
1318	31
1318	31
0	0
3	1
3	0
9	0
5	0
9	0
13	0
18	0
3	0
10	0
15	0
20	0
26	0
30	1
4	1
9	1
15	2
19	2
23	2
32	2
36	3
41	3
45	3
48	4
53	4
57	4
62	4
65	4
72	4
76	4
81	4
88	4
94	4
99	4
104	4
109	4
115	4
118	4
124	4
128	4
132	4
136	4
140	4
145	4
149	4
154	4
158	4
164	4
170	4
174	4
181	4
186	4
191	4
196	4
200	4
206	4
209	4
216	4
220	4
225	4
229	4
234	5
238	5
242	5
249	5
255	5
259	5
264	5
268	5
275	6
280	6
284	6
288	6
293	6
298	6
302	6
306	6
310	6
314	6
319	6
323	6
327	7
333	7
339	7
342	7
347	7
352	7
356	7
359	7
363	8
368	8
373	8
378	8
382	8
388	8
393	8
397	8
403	8
409	8
413	8
417	9
423	9
428	9
432	9
438	10
445	10
450	10
456	10
459	10
463	10
468	11
475	11
478	11
486	11
490	11
494	11
498	11
504	11
509	11
515	11
519	11
524	11
531	11
536	11
541	11
545	11
551	11
558	11
562	11
567	11
573	11
583	11
590	11
594	11
600	11
607	11
611	11
615	11
619	11
626	11
632	11
638	11
646	11
650	11
656	11
661	11
665	11
669	11
675	11
683	11
687	11
692	11
696	11
700	11
705	11
710	11
717	11
721	11
728	11
733	11
737	11
741	11
746	11
749	11
753	11
759	11
764	11
768	11
772	11
777	11
781	11
785	11
790	11
793	11
798	11
803	11
807	11
814	11
818	11
821	11
826	11
832	11
836	11
841	12
847	12
852	12
856	13
860	14
864	14
868	14
872	14
877	14
882	14
886	14
892	14
896	14
901	14
905	14
915	14
921	14
924	14
928	14
933	14
939	14
944	14
949	14
954	14
961	14
968	14
971	14
975	14
980	14
985	14
989	14
995	14
1001	14
1006	14
1011	14
1015	14
1020	14
1027	14
1032	14
1037	14
1042	14
1048	14
1052	14
1056	14
1058	14
1060	14
1065	14
1073	14
1081	14
1085	14
1088	14
1092	14
1096	14
1101	14
1106	14
1110	14
1116	14
1121	14
1126	14
1131	14
1136	14
1140	14
1144	14
1150	14
1155	14
1159	14
1164	14
1167	14
1171	14
1176	14
1181	14
1186	14
1193	14
1197	14
1202	14
1206	14
1210	14
1215	14
1219	14
1223	14
1227	14
1230	14
1234	14
1238	14
1243	14
1249	14
1255	14
1262	14
1268	14
1271	14
1274	14
1278	14
1282	14
1284	14
1284	14
1284	14
1284	14
1284	14
1284	14
1284	14
1284	14
1284	14
1284	14
1284	14
1284	14
1284	14
1284	14
1284	14
1284	14
1284	14
1284	14
1284	14
1284	14
1284	14
1284	14
1284	14
1284	14
1285	14
1291	14
1295	14
1301	14
1306	14
1309	14
1313	14
1318	14
1322	14
1327	14
1332	14
1338	14
1343	14
1349	14
1353	14
1356	14
1361	14
1363	14
1369	14
1371	14
1377	14
1381	14
1385	14
1389	14
1395	14
1399	14
1403	14
1408	14
1414	14
1417	14
1422	14
1427	14
1430	14
1436	14
1443	14
1446	14
1450	14
1454	14
1458	14
1459	14
1459	14
1459	14
1459	14
1459	14
1459	14
1459	14
1459	14
1459	14
1459	14
1459	14
1459	14
1459	14
1459	14
1459	14
1459	14
1459	14
1459	14
1459	14
1459	14
1459	14
1459	14
1459	14
1459	14
1459	14
1459	14
1459	14
1459	14
1459	14
1459	14
1459	14
1459	14
1459	14
1459	14
1459	14
1459	14
1459	14
1459	14
1459	14
1459	14
1459	14
1459	14
1459	14
1459	14
1459	14
1459	14
1459	14
1459	14
1459	14
1459	14
1459	14
1459	14
1459	14
1459	14
1459	14
1459	14
1459	14
1459	14
1459	14
1459	14
1459	14
1459	14
1459	14
1459	14
1459	14
1459	14
1459	14
1459	14
1459	14
1459	14
1459	14
1459	14
1459	14
1459	14
1459	14
1459	14
1459	14
1459	14
1459	14
1459	14
1459	14
1459	14
1459	14
1459	14
1459	14
1459	14
1459	14
1459	14
1459	14
1459	14
1459	14
1459	14
1459	14
1459	14
1459	14
1459	14
1459	14
1459	14
1459	14
1459	14
1459	14
1459	14
1459	14
1459	14
1459	14
1459	14
1459	14
1459	14
1459	14
1459	14
1459	14
1459	14
1459	14
1459	14
1459	14
1459	14
1459	14
1459	14
1459	14
1459	14
1459	14
1459	14
1459	14
1459	14
1459	14
1459	14
1459	14
1459	14
1459	14
1459	14
1459	14
1459	14
1459	14
1459	14
1459	14
1459	14
1459	14
1459	14
1459	14
1459	14
1459	14
1459	14
1459	14
1459	14
1459	14
1459	14
1459	14
1459	14
1459	14
1459	14
1459	14
1459	14
1459	14
1459	14
1459	14
1459	14
1459	14
1459	14
1459	14
1459	14
6	0
14	0
22	0
25	0
33	0
40	0
46	0
53	0
59	0
64	0
71	0
79	0
85	1
93	1
98	1
105	1
111	1
118	1
125	1
130	1
138	1
144	2
152	2
159	2
166	2
173	2
181	2
187	2
192	2
199	2
205	2
210	2
215	3
222	3
229	5
235	5
243	5
249	6
254	6
259	6
267	7
273	8
281	9
287	9
296	9
303	9
311	9
318	9
324	10
332	10
339	10
347	10
353	10
359	10
365	10
371	10
377	10
384	10
392	10
397	10
404	10
409	10
416	10
422	10
428	12
434	12
439	12
448	13
454	13
459	13
465	13
470	13
476	13
482	13
488	13
495	13
500	13
508	13
516	13
521	13
529	13
535	13
541	13
545	13
552	13
557	13
564	13
570	13
575	13
582	13
591	13
596	14
601	14
607	14
614	14
619	14
628	14
634	14
641	14
648	14
653	14
662	14
668	14
674	14
680	14
687	14
694	14
701	14
708	14
713	14
719	14
728	14
739	14
746	14
752	14
759	14
767	14
774	14
781	14
785	14
791	14
799	14
808	14
813	14
822	14
831	14
841	14
847	14
854	14
861	14
868	14
878	14
885	14
891	14
897	14
901	14
908	14
914	14
918	14
924	14
932	14
942	14
948	14
955	14
962	14
967	14
974	14
981	14
986	14
994	14
1001	14
1011	14
1018	14
1024	14
1032	14
1039	14
1046	14
1052	14
1057	14
1064	14
1071	14
1077	14
1084	14
1093	14
1101	14
1107	14
1114	14
1118	14
1123	14
1128	14
1135	14
1145	14
1151	14
1156	14
1163	14
1169	14
1175	14
1180	14
1186	14
1195	14
1199	14
1204	14
1212	14
1219	14
1225	14
1232	14
1241	14
1247	14
1253	14
1258	14
1266	14
1276	14
1282	14
1288	14
1293	14
1300	14
1307	14
1316	14
1323	14
1329	14
1335	14
1341	14
1346	14
1352	14
1361	14
1367	14
1372	14
1377	14
1384	14
1391	14
1398	14
1403	14
1408	14
1414	14
1419	14
1425	14
1432	14
1440	14
1447	15
1455	15
1465	15
1474	15
1481	15
1488	15
1494	16
1501	16
1512	16
1520	16
1526	16
1535	16
1541	16
1553	16
1559	16
1564	16
1569	16
1575	16
1582	16
1589	16
1596	16
1604	16
1610	16
1619	16
1623	16
1629	16
1637	16
1643	16
1653	16
1659	16
1666	16
1672	16
1681	16
1687	16
1693	16
1701	16
1705	16
1712	16
1718	16
1725	16
1732	16
1742	16
1749	16
1757	16
1763	16
1768	16
1776	16
1783	16
1790	16
1799	16
1806	16
1811	16
1819	16
1828	16
1835	16
1840	16
1847	16
1853	16
1859	16
1867	16
1875	16
1881	16
1888	16
1894	16
1900	16
1906	16
1911	16
1921	16
1930	16
1934	16
1942	16
1948	16
1957	16
1962	16
1967	16
1974	16
1981	16
1988	16
1995	16
2000	16
2007	16
2015	16
2021	16
2025	16
2032	16
2038	16
2045	16
2051	16
2056	16
2063	16
2069	16
2076	16
2085	16
2091	16
2099	16
2106	16
2112	16
2118	16
2127	16
2132	16
2138	16
2145	16
2151	16
2158	16
2165	16
2173	16
2180	16
2187	16
2195	16
2201	16
2207	16
2216	16
2227	16
2232	16
2239	16
2245	16
2251	16
2259	16
2264	16
2270	16
2277	16
2282	16
2288	16
2295	16
2301	16
2306	16
2315	16
2324	16
2331	16
2338	16
2343	16
2350	16
2358	16
2364	16
2371	16
2375	16
2380	16
2387	16
2394	16
2403	16
2409	16
2417	16
2423	16
2430	16
2435	16
2443	16
2449	16
2455	16
2460	16
2467	16
2473	16
2480	16
2488	16
2496	16
2502	16
2508	16
2514	16
2521	16
2527	16
2533	16
2539	16
2547	16
2554	16
2561	16
2568	16
2579	16
2587	16
2595	16
2603	16
2609	16
2616	16
2621	16
2629	16
2634	16
2641	16
2646	16
2653	16
2659	16
2668	16
2674	16
2682	16
2690	16
2697	16
2707	16
2712	16
2721	16
2729	16
2737	16
2746	16
2751	16
2758	16
2764	16
2768	17
2774	17
2783	17
2789	18
2796	18
2805	18
2813	18
2819	18
2830	18
2838	18
2846	18
2850	18
2857	18
2863	18
2872	18
2877	18
2884	18
2889	18
2898	18
2907	18
2916	18
2923	18
2930	18
2935	18
2941	18
2945	18
2950	18
2955	18
2961	18
2967	18
2972	18
2978	18
2985	18
2992	18
2999	18
3004	18
3014	18
3020	18
3027	18
3033	18
3040	18
3046	18
3051	18
3056	18
3062	18
3069	18
3078	18
3084	18
3088	18
3096	18
3104	18
3109	18
3114	18
3122	18
3129	18
3137	18
3145	18
3151	18
3158	18
3165	18
3172	18
3180	18
3186	18
3193	18
3201	18
3207	18
3213	18
3221	18
3229	18
3235	18
3243	18
3251	18
3255	18
3261	18
3267	18
3274	18
3282	18
3290	18
3297	18
3305	18
3311	18
3318	18
3322	18
3330	18
3336	18
3341	18
3346	18
3354	18
3359	18
3364	18
3372	18
3378	19
3385	19
3391	19
3398	19
3404	19
3410	19
3419	19
3427	19
3434	19
3442	19
3450	19
3457	19
3463	19
3468	19
3477	19
3484	19
3490	19
3495	19
3504	19
3513	19
3519	19
3523	19
3533	19
3538	19
3545	19
3557	19
3567	19
3576	19
3583	19
3590	19
3597	19
3607	19
3615	19
3624	19
3630	19
3639	19
3644	19
3651	19
3658	19
3663	19
3670	19
3676	19
3682	19
3689	19
3693	19
3701	19
3708	19
3716	19
3720	19
3725	19
3734	19
3743	19
3750	19
3757	19
3763	19
3768	19
3775	19
3782	19
3790	19
3799	19
3806	19
3812	19
3819	19
3825	19
3830	19
3836	19
3843	19
3849	19
3856	19
3863	19
3868	19
3875	19
3882	19
3889	19
3896	19
3907	19
3914	19
3918	19
3926	19
3933	19
3941	19
3948	19
3953	19
3957	19
3964	19
3970	19
3976	19
3982	19
3987	19
3995	19
4001	19
4009	19
4017	19
4025	19
4031	19
4039	19
4044	19
4052	19
4058	19
4066	19
4073	19
4083	19
4092	19
4097	19
4103	19
4109	19
4115	19
4123	19
4128	19
4133	19
4139	19
4148	19
4155	19
4163	19
4169	19
4177	19
4183	19
4189	19
4196	19
4202	19
4208	19
4213	19
4219	19
4225	19
4231	19
4237	19
4245	19
4250	19
4257	19
4264	19
4271	19
4278	19
4285	19
4291	19
4298	19
4304	19
4311	19
4317	19
4325	19
4329	19
4338	19
4348	19
4354	19
4360	19
4364	19
4371	19
4376	19
4385	19
4391	19
4396	19
4402	19
4410	19
4415	19
4420	19
4427	19
4433	19
4442	19
4450	19
4457	19
4463	19
4471	19
4477	19
4483	19
4492	19
4501	19
4510	19
4517	19
4525	19
4532	19
4538	19
4543	19
4547	19
4555	19
4561	19
4567	19
4574	19
4582	19
4590	19
4596	19
4603	19
4613	19
4618	19
4624	19
4629	19
4635	19
4639	19
4645	19
4652	19
4658	19
4664	19
4671	19
4678	19
4685	19
4692	19
4697	19
4703	19
4711	19
4719	19
4728	19
4733	19
4737	19
4743	19
4751	19
4757	19
4765	19
4773	19
4780	19
4784	19
4794	19
4799	19
4	0
9	1
14	1
18	2
22	2
27	4
32	4
37	4
43	4
48	4
53	4
57	4
62	4
68	4
72	4
78	4
82	5
88	5
92	5
97	5
102	5
109	7
113	8
117	10
121	10
125	11
131	11
134	11
140	11
146	12
152	12
157	13
163	13
168	14
172	14
176	14
179	14
185	14
188	14
193	14
196	16
201	16
206	17
210	17
213	17
215	17
219	17
222	17
227	17
230	17
234	17
237	17
240	17
245	17
248	17
253	17
257	17
260	17
266	17
270	17
273	17
279	17
282	17
286	17
292	17
295	17
299	17
302	17
305	17
310	17
316	17
318	17
321	17
324	17
327	17
333	17
338	17
341	17
344	17
349	17
353	17
359	17
362	17
365	17
370	17
374	17
379	17
382	17
386	17
388	17
393	17
396	17
401	17
404	17
408	17
412	17
416	17
421	17
425	17
428	17
432	17
436	17
439	17
442	17
447	17
450	17
455	17
459	17
464	17
466	17
473	17
476	17
480	17
484	17
489	17
495	17
498	17
503	17
507	17
511	17
514	17
519	17
523	17
528	17
536	17
536	17
539	17
543	17
549	17
553	17
558	17
562	17
567	17
571	17
576	17
580	17
584	17
587	17
593	17
596	17
600	17
604	17
609	17
616	17
618	17
621	17
624	17
627	17
633	17
636	17
641	17
646	17
5	1
9	1
15	1
18	3
22	3
26	3
34	3
40	3
45	3
50	3
56	3
62	4
66	4
69	4
74	4
80	4
83	4
89	4
93	4
98	4
103	4
110	4
115	6
120	6
126	6
131	6
135	7
141	7
145	7
149	7
156	7
159	7
164	7
167	7
172	7
177	7
183	7
186	7
193	7
198	7
201	7
205	8
213	9
219	10
224	11
228	11
231	11
236	11
241	11
244	11
247	11
253	11
258	11
264	11
268	11
273	11
278	11
282	11
287	12
291	12
298	13
302	13
304	14
310	15
316	15
321	15
325	15
328	16
336	16
340	16
344	16
348	16
352	16
357	16
360	16
365	16
370	16
375	16
380	16
383	17
387	17
391	17
395	17
402	17
405	17
408	17
412	17
418	17
420	17
424	17
430	17
434	17
439	17
442	17
447	17
451	17
455	17
459	17
464	17
468	18
472	18
477	18
481	18
484	18
488	18
493	18
498	18
502	18
507	18
512	18
517	18
521	18
526	18
530	18
533	18
536	18
541	18
544	18
549	18
553	18
557	18
562	18
566	18
571	18
574	18
579	18
584	18
589	18
593	18
598	19
604	19
609	19
613	20
617	20
622	20
627	20
631	20
637	21
640	21
645	21
648	21
652	21
657	21
661	21
668	21
672	21
676	21
681	21
686	21
689	21
693	21
698	21
701	21
704	21
708	21
713	21
716	21
721	21
724	21
726	21
731	21
734	21
743	21
747	21
751	21
755	21
759	21
763	21
768	21
773	21
778	21
782	21
787	21
791	21
796	21
804	21
807	21
811	21
816	21
821	21
826	22
830	22
834	22
839	22
844	22
849	23
854	23
859	23
863	23
866	23
871	23
878	23
882	23
887	23
893	23
900	23
904	23
908	24
913	24
919	24
923	24
929	25
936	25
940	25
944	25
950	25
953	25
958	25
963	25
968	25
972	25
976	25
980	25
984	25
988	25
994	25
997	25
1002	25
1008	25
1013	25
1017	26
1022	26
1026	26
1032	26
1035	26
1041	26
1046	26
1051	26
1056	26
1060	26
1065	26
1070	26
1076	26
1079	26
1084	26
1088	26
1093	26
1100	26
1104	26
1108	26
1111	26
1117	26
1123	26
1128	26
1133	26
1141	26
1146	26
1150	26
1155	26
1162	26
1165	26
1172	26
1177	26
1181	26
1188	26
1194	26
1199	26
1203	26
1207	26
1211	26
1214	26
1218	26
1224	26
1228	26
1232	26
1237	26
1244	26
1248	26
1253	26
1258	26
1262	26
1267	26
1273	26
1277	26
1282	26
1286	26
1292	26
1297	26
1302	26
1306	26
1311	26
1317	26
1324	26
1328	26
1333	26
1337	26
1341	26
1346	26
1349	26
1352	26
1357	26
1363	26
1366	26
1371	26
1375	26
1379	26
1383	26
1387	26
1392	26
1397	26
1401	26
1408	26
1412	26
1416	26
1420	26
1424	26
1430	26
1435	26
1440	26
1443	26
1449	26
1454	26
1459	26
1463	27
1469	28
1474	28
1479	28
1484	28
1490	28
1496	28
1500	28
1507	28
1514	28
1520	28
1525	28
1532	28
1537	28
1542	28
1547	28
1553	28
1558	28
1564	28
1572	28
1577	28
1580	28
1583	28
1586	28
1590	28
1595	28
1600	28
1604	28
1609	28
1617	28
1621	28
1626	28
1630	28
1633	28
1637	28
1640	28
1644	28
1648	28
1653	28
1658	28
1660	28
1664	28
1669	28
1673	28
1679	28
1683	28
1687	28
1691	28
1696	28
1699	28
1703	28
5	0
4	0
11	0
17	1
21	1
3	0
7	0
10	0
15	0
18	0
20	0
24	0
27	1
30	1
35	1
37	1
42	1
44	1
48	1
52	1
55	1
60	1
63	1
67	1
71	1
74	1
75	1
79	1
83	1
85	1
89	1
91	1
94	1
98	1
99	1
102	1
104	1
109	1
112	1
116	1
117	1
121	1
5	0
4	0
10	0
15	0
19	0
23	0
29	0
37	0
41	1
46	1
49	1
54	2
59	3
64	3
69	3
74	3
79	3
83	3
89	4
93	5
100	5
104	5
109	5
113	5
3	0
8	1
12	1
17	1
22	2
28	2
32	2
40	2
46	2
51	2
56	2
61	2
66	2
73	2
78	2
81	2
88	3
92	4
97	4
101	4
105	4
110	4
114	6
119	6
126	6
132	7
137	7
143	7
147	8
151	8
158	8
163	8
168	8
173	8
178	8
182	8
185	8
188	8
196	8
201	9
206	9
210	9
217	11
222	11
227	11
232	11
236	11
240	11
245	11
251	11
255	11
259	11
263	11
268	11
274	12
281	12
286	12
293	12
297	12
303	13
307	13
313	13
319	13
325	13
330	13
336	13
342	13
347	13
350	13
354	13
361	13
368	13
372	13
377	13
381	13
386	13
393	13
398	13
402	13
406	13
412	13
417	14
420	14
425	14
431	14
435	14
438	14
441	14
446	14
450	14
455	14
459	14
463	15
467	15
470	15
475	15
480	15
484	15
488	15
492	16
496	16
499	16
503	17
6	0
10	0
15	0
18	0
26	1
31	1
36	1
41	2
47	2
52	2
56	2
61	2
68	3
74	3
81	3
85	3
89	3
94	3
101	4
104	4
109	4
113	4
118	4
122	5
127	5
133	5
138	6
143	6
147	6
153	7
159	7
164	7
168	8
175	8
180	8
183	8
188	10
193	10
199	10
206	10
211	10
216	10
222	10
227	10
232	10
239	10
244	10
249	10
254	10
259	10
266	10
271	10
275	10
282	10
287	10
290	10
297	10
302	12
306	12
312	12
318	12
323	13
328	14
337	14
341	14
344	15
350	15
354	15
361	16
367	16
374	16
379	16
384	16
388	16
394	16
399	16
403	16
410	16
413	16
419	16
424	16
428	16
434	16
438	16
444	16
451	16
455	16
459	16
464	16
469	16
474	16
480	16
484	16
490	16
496	16
501	16
506	16
511	16
516	16
523	16
527	16
533	16
538	16
542	16
546	16
550	16
555	16
561	16
566	16
569	16
574	16
579	16
582	16
586	16
590	16
595	16
599	16
607	16
612	16
618	16
621	16
624	16
630	16
637	16
642	16
648	16
653	16
657	16
661	16
666	16
672	16
678	17
684	17
688	17
693	17
698	18
704	18
709	19
714	19
721	19
726	19
731	19
735	19
740	19
746	19
751	19
756	20
759	21
763	22
768	22
773	22
780	22
785	22
790	22
793	22
798	23
803	23
808	23
814	24
818	24
824	24
829	24
832	25
837	25
844	27
849	27
855	27
859	27
865	27
871	27
875	27
880	27
885	27
891	27
899	27
905	27
911	27
917	27
920	27
926	27
930	27
934	27
940	27
945	27
950	27
957	27
962	27
967	27
972	27
981	27
984	27
990	27
995	27
999	27
1003	27
1008	27
1014	27
1018	27
1021	27
1025	27
1031	27
1035	27
1041	28
1046	28
1051	28
1057	28
1061	29
1065	29
1070	30
1076	30
1083	30
1088	31
1092	31
1098	31
1105	31
1110	31
1114	31
1117	31
1123	31
1129	31
1138	31
1141	31
1148	31
1155	31
1159	31
1163	31
1170	31
1175	31
1182	31
1187	31
1191	31
1197	31
1202	31
1207	31
1213	31
1216	31
1221	31
1226	31
1231	31
1236	31
1240	31
1246	31
1253	31
1261	31
1265	31
1270	31
1278	31
1284	31
1289	32
1292	32
1296	32
1300	32
1304	32
1308	32
1311	32
1315	32
1318	32
1324	32
1328	32
1332	32
1337	32
1341	32
1348	32
1352	32
1356	32
1360	32
1363	32
1367	32
1373	32
1377	32
1381	32
1385	32
1390	32
1395	32
1399	32
1405	32
1410	32
1414	32
1418	32
1423	32
1430	32
1435	32
1441	32
1445	32
1450	32
1457	32
1460	32
1464	32
1469	32
1471	32
1477	32
1482	32
1487	32
1491	32
1495	32
1501	32
1505	32
1510	32
1515	32
1520	32
1525	32
1529	32
1535	32
1538	32
1543	32
1547	32
1550	32
1556	32
1560	32
1564	32
1568	32
1572	32
1576	32
1582	32
1585	32
1590	32
1594	32
1599	32
1606	32
1609	32
1614	32
1622	32
1625	32
1630	32
1635	32
1640	32
1645	32
1649	32
1654	32
1658	32
1661	32
1666	32
1672	32
1677	32
1681	32
1687	32
1691	32
1697	32
1702	32
1707	32
1711	32
1715	32
1720	32
1724	32
1728	32
1733	32
1738	32
1738	32
1738	32
1738	32
1738	32
1738	32
1738	32
1738	32
1738	32
1738	32
1738	32
1738	32
1738	32
1738	32
1738	32
1738	32
1738	32
1738	32
1738	32
1738	32
1738	32
1738	32
1738	32
1738	32
1738	32
1738	32
1738	32
1738	32
1738	32
1738	32
1738	32
1738	32
1738	32
1738	32
1738	32
1738	32
1738	32
5	0
11	0
17	0
21	0
26	0
31	0
38	1
44	2
50	2
53	2
59	2
66	2
71	2
77	3
81	3
88	3
92	3
96	3
99	3
104	3
109	3
113	3
117	3
122	3
125	3
129	3
133	3
138	3
145	3
149	3
154	3
156	3
161	3
168	3
174	3
179	3
184	3
190	3
195	3
202	3
206	3
209	3
213	3
217	3
222	3
227	3
231	3
236	3
240	3
243	3
247	3
253	3
256	3
259	3
263	3
271	3
276	3
279	3
283	3
287	3
292	4
295	4
298	4
304	4
308	4
313	4
318	4
321	4
328	4
333	4
337	4
341	4
344	4
350	4
354	4
357	4
361	4
363	4
369	4
373	4
379	4
386	4
391	4
395	4
400	4
403	4
409	4
414	4
418	4
423	4
427	4
432	5
435	6
440	6
446	6
452	6
458	6
463	6
466	6
472	6
477	6
483	6
486	6
490	6
495	6
498	6
500	6
506	6
511	6
515	6
519	6
525	6
530	6
534	6
538	6
544	6
548	6
551	6
553	6
559	6
564	6
567	6
572	6
575	6
583	6
586	6
589	6
593	6
597	6
603	6
607	6
611	6
617	6
621	6
626	6
630	6
634	6
639	6
645	6
651	6
655	6
660	6
665	6
668	6
673	6
678	6
683	6
686	6
690	6
695	6
700	6
704	6
710	6
715	6
719	6
722	6
725	6
728	6
732	6
735	6
738	6
742	6
746	6
750	7
753	7
762	7
766	8
769	8
774	8
778	8
783	8
789	8
795	8
801	8
809	8
814	8
820	8
824	8
829	9
836	9
840	9
846	9
849	9
854	9
858	9
864	9
868	9
872	9
876	9
881	9
885	9
888	9
892	9
896	9
900	9
904	9
907	9
910	9
913	9
916	9
920	9
923	9
927	9
931	9
935	9
940	9
943	9
946	9
950	9
953	9
957	9
960	9
964	9
968	9
973	9
975	9
981	9
984	9
988	9
991	9
994	9
999	9
1005	9
1009	9
1014	9
1016	9
1021	9
1025	9
1029	9
1032	9
1037	9
1040	9
1044	9
1048	9
1053	9
1057	9
1060	9
1067	9
1070	9
1075	9
1080	10
1086	10
1094	10
1099	10
1104	10
1106	10
1109	10
1112	10
1118	10
1122	10
1126	10
1130	10
1134	10
1136	10
1141	10
1144	10
1147	10
1149	10
1152	10
1158	10
1162	11
1165	11
1171	11
1176	11
1184	11
1185	11
1186	12
1188	14
1192	14
1195	14
1200	14
1205	14
1209	14
1214	14
1217	14
1221	14
1224	14
1227	14
1229	15
1230	15
1233	16
1237	16
1240	16
1243	16
1246	16
1248	16
1253	16
1256	16
1259	16
1261	17
1263	17
1268	17
1268	18
1271	18
1275	18
1276	18
1279	18
1282	18
1283	18
1285	19
1288	19
1288	20
1293	20
1296	20
1300	20
1303	20
1309	21
1310	21
1313	22
1313	23
1316	23
1316	24
1318	24
1320	25
1324	25
1325	26
1330	26
1332	26
1336	26
1337	27
1338	28
1339	28
1344	29
1349	29
1354	29
1358	29
1359	29
1362	30
1365	30
1367	30
1372	30
1373	30
1378	31
1378	32
1378	33
1379	33
1382	34
1384	34
1387	35
1388	35
1390	36
1391	37
1393	38
1395	38
1398	39
1401	39
1403	40
1404	40
1404	41
1406	42
1409	43
1412	43
1412	44
1413	45
1414	45
1414	46
1414	47
1415	48
1415	49
1415	50
1415	51
1416	52
1418	52
1420	53
1420	54
1420	55
1421	55
1423	56
1426	56
1426	57
1427	58
1429	58
1429	59
1430	60
1430	61
1432	61
1432	62
1432	64
1434	65
1434	66
1436	67
1439	67
1439	68
1442	69
1442	70
1445	70
1446	70
1449	71
1450	72
1454	72
1455	73
1457	73
1458	74
1458	75
1458	76
1458	77
1459	78
1462	79
1463	79
1467	80
1468	81
1469	81
1469	82
1469	83
1472	84
1473	84
1474	85
1476	86
1477	87
1477	88
1478	89
1480	89
1481	90
1483	91
1487	91
1487	92
1488	92
1489	93
1490	94
1492	95
1492	96
1492	97
1492	98
1494	98
1494	99
1494	100
1497	101
1497	102
1497	103
1498	103
1501	104
1506	104
1508	104
1508	105
1512	106
1512	107
1514	107
1515	108
1517	109
1517	110
1517	111
1518	111
1519	112
1519	113
1519	114
1521	114
1521	115
1521	116
1521	117
1522	118
1523	118
1523	119
1525	120
1526	120
1528	121
1531	121
1532	122
1533	123
1533	124
1533	125
1534	125
1535	126
1535	127
1535	128
1535	129
1537	130
1537	131
1537	132
1537	133
1537	134
1537	135
1537	136
1537	137
1537	138
1539	138
1540	139
1541	140
1542	140
1542	141
1542	142
1544	144
1544	145
1545	146
1547	147
1547	148
1547	149
1547	150
1547	151
1548	151
1548	152
1548	153
1549	154
1551	155
1553	156
1556	156
1556	157
1557	158
1557	159
1557	160
1558	161
1558	162
1558	163
1558	164
1560	164
1562	165
1562	166
1563	167
1563	168
1564	169
1564	170
1565	170
1566	171
1566	172
1566	173
1566	174
1567	175
1567	176
1567	177
1567	178
1567	179
1567	180
1567	181
1567	182
1567	183
1570	184
1570	185
1570	186
1570	187
1570	188
1570	189
1570	190
1570	191
1570	192
1572	192
1572	193
1572	194
1574	195
1574	196
1574	197
1576	197
1576	198
1576	199
1578	200
1578	201
1579	201
1579	203
1579	204
1581	205
1581	206
1581	207
1583	208
1585	209
1585	210
1585	211
1585	212
1585	213
1585	214
1585	215
1588	215
1589	216
1589	217
1591	218
1592	219
1592	220
1594	220
1594	221
1594	222
1594	223
1594	224
1596	225
1597	226
1599	226
1599	227
1600	228
1602	229
1602	230
1606	230
1607	231
1607	232
1608	233
1609	233
1609	234
1609	235
1610	236
1610	237
1610	238
1611	239
1611	240
1612	241
1613	242
1613	243
1613	244
1614	245
1614	246
1616	246
1617	247
1618	248
1620	248
1620	249
1620	250
1620	251
1621	252
1622	253
1622	254
1622	255
1623	256
1624	256
1625	257
1625	258
1626	259
1626	260
1626	261
1626	262
1626	263
1626	264
1626	265
1627	266
1627	267
1627	268
1627	269
1627	270
1628	270
1629	271
1629	272
1629	273
1629	274
1630	275
1631	276
1632	277
1632	278
1634	278
1634	279
1634	280
1635	281
1635	282
1635	283
1635	284
1635	285
1638	286
1640	286
1640	287
1642	288
1643	288
1643	289
1643	290
1643	291
1643	292
1644	293
1646	294
1648	294
1649	295
1649	296
1649	297
1649	298
1650	298
1650	299
1650	300
1650	301
1650	302
1651	303
1652	304
1654	305
1654	306
1656	307
1657	307
1657	308
1658	309
1658	310
1662	311
1662	312
1664	312
1664	313
1665	314
1668	315
1673	315
1673	316
1673	317
1673	318
1675	318
1675	319
1675	320
1678	321
1678	322
1678	323
1680	324
1681	324
1681	325
1682	326
1683	327
1683	328
1683	329
1683	330
1685	331
1685	332
1685	333
1685	334
1686	335
1687	335
1688	336
1688	337
1689	338
1691	339
1691	340
1692	340
1693	341
1695	342
1695	343
1696	344
1696	345
1696	346
1697	347
1698	347
1698	348
1698	349
1698	350
1698	351
1698	352
1698	353
1699	354
1699	355
1701	356
1701	357
1702	358
1703	358
1705	359
1706	360
1708	361
1710	362
1711	362
1711	363
1711	364
1714	365
1714	366
1716	366
1716	367
1716	368
1717	369
1717	370
1717	371
1718	372
1718	373
1718	374
1718	375
1718	376
1718	377
1718	378
1719	379
1721	379
1721	380
1721	381
1724	382
1724	383
1724	384
1724	385
1726	385
1727	386
1727	387
1727	388
1727	389
1728	390
1728	391
1728	392
1732	392
1732	393
1732	394
1732	395
1733	396
1733	397
1733	398
1733	399
1733	400
1734	400
1734	401
1734	402
1734	403
1734	404
1737	405
1739	405
1739	406
1739	407
1739	408
1739	409
1739	410
1739	411
1739	412
1739	413
1740	414
1740	415
1740	416
1740	417
1740	418
1740	419
1740	420
1740	421
1740	422
1741	423
1741	424
1742	425
1742	426
1745	426
6	0
14	0
18	0
24	1
30	1
36	1
41	2
44	2
49	2
54	3
58	3
63	3
71	3
78	3
83	3
89	3
94	3
100	5
104	5
110	5
119	7
124	7
127	7
133	7
135	7
139	7
145	7
148	7
154	7
159	7
165	7
171	7
173	7
177	7
180	7
185	7
191	7
197	8
202	8
208	8
210	8
215	8
220	8
226	8
233	8
4	0
9	0
3	0
7	0
11	0
16	0
21	0
27	0
31	0
3	0
7	0
10	0
3	0
7	0
12	1
17	1
21	1
24	1
30	1
33	1
36	1
4	0
7	0
13	0
17	0
